DATE	PREC	TEMP	QOBS
01/04/2013	0	17.6	1.1535
02/04/2013	0	17.6	1.1535
03/04/2013	0	17.6	1.1535
04/04/2013	0	17.6	1.1535
05/04/2013	0	17.6	1.1535
06/04/2013	0	17.6	1.1535
07/04/2013	0	17.6	1.1535
08/04/2013	0	17.6	1.1535
09/04/2013	2.50332	17.6	1.1535
10/04/2013	14.36688	17.6	1.1535
11/04/2013	1.95912	17.6	1.1535
12/04/2013	0	17.6	1.1535
13/04/2013	0.32652	17.6	1.1535
14/04/2013	0.87072	17.6	1.1535
15/04/2013	0.32652	17.6	1.1535
16/04/2013	0	17.6	1.1535
17/04/2013	0	17.6	1.1535
18/04/2013	0	17.6	1.1535
19/04/2013	0.32652	17.6	1.2929
20/04/2013	1.41492	17.6	1.2993
21/04/2013	0.87072	17.6	1.331
22/04/2013	0	17.6	1.2803
23/04/2013	0	17.6	1.2993
24/04/2013	0	17.6	1.2486
25/04/2013	0.32652	17.6	1.2549
26/04/2013	1.6326	17.6	1.3056
27/04/2013	0	17.6	1.2993
28/04/2013	0.5442	17.6	1.3246
29/04/2013	1.0884	17.6	1.2549
30/04/2013	0.32652	17.6	1.2866
01/05/2013	13.2	17.6	2.0091
02/05/2013	1.5	17.6	1.895
03/05/2013	0	17.6	1.5148
04/05/2013	0	17.6	1.426
05/05/2013	0	17.6	1.3817
06/05/2013	0	17.6	1.3436
07/05/2013	0.3	17.6	1.3056
08/05/2013	0	17.6	1.2803
09/05/2013	0	17.6	1.2929
10/05/2013	0	17.6	1.2929
11/05/2013	0	17.6	1.2929
12/05/2013	0.3	17.6	1.2929
13/05/2013	1.5	17.6	1.2929
14/05/2013	3.3	17.6	1.2929
15/05/2013	0	17.6	1.3246
16/05/2013	0	17.6	1.3246
17/05/2013	0	17.6	1.3373
18/05/2013	0	17.6	1.3627
19/05/2013	0.3	17.6	1.3627
20/05/2013	0.3	17.6	1.35
21/05/2013	5.8	17.6	1.4197
22/05/2013	6.1	17.6	2.0472
23/05/2013	0.3	17.6	1.6922
24/05/2013	30	17.6	2.7253
25/05/2013	0.3	17.6	2.0788
26/05/2013	0	17.6	1.5591
27/05/2013	3	17.6	1.4767
28/05/2013	0.8	17.6	1.4514
29/05/2013	23.1	17.6	2.3831
30/05/2013	7.1	17.6	2.681
31/05/2013	0.5442	17.6	2.6493
01/06/2013	12.40776	17.6	2.8141
02/06/2013	0.32652	17.6	2.1612
03/06/2013	21.87684	17.6	1.8697
04/06/2013	11.86356	17.6	1.9267
05/06/2013	0	17.6	1.9141
06/06/2013	18.28512	17.6	3.3084
07/06/2013	0.32652	17.6	2.4211
08/06/2013	0.5442	17.6	1.8063
09/06/2013	1.6326	17.6	1.6859
10/06/2013	8.59836	17.6	1.7493
11/06/2013	0	17.6	1.6479
12/06/2013	0.87072	17.6	1.5655
13/06/2013	3.91824	17.6	1.6352
14/06/2013	2.50332	17.6	1.6479
15/06/2013	0.32652	17.6	1.5972
16/06/2013	7.50996	17.6	2.2373
17/06/2013	0.32652	17.6	2.0091
18/06/2013	21.33264	17.6	1.7429
19/06/2013	0	17.6	1.781
20/06/2013	0.32652	17.6	1.5908
21/06/2013	11.31936	17.6	1.6035
22/06/2013	5.76852	17.6	1.5591
23/06/2013	0.5442	17.6	1.5274
24/06/2013	1.0884	17.6	1.4831
25/06/2013	3.2652	17.6	1.4767
26/06/2013	1.0884	17.6	1.4641
27/06/2013	0.87072	17.6	1.3183
28/06/2013	0	17.6	1.2866
29/06/2013	22.63872	17.6	1.6479
30/06/2013	9.14256	17.6	3.8662
01/07/2013	0.5442	17.6	4.4112
02/07/2013	1.6326	17.6	2.5795
03/07/2013	0	17.6	1.9901
04/07/2013	4.46244	17.6	1.8634
05/07/2013	0.32652	17.6	1.6605
06/07/2013	0.87072	17.6	1.4958
07/07/2013	1.6326	17.6	1.4641
08/07/2013	0	17.6	1.4641
09/07/2013	0	17.6	1.4324
10/07/2013	0.32652	17.6	1.3563
11/07/2013	0.32652	17.6	1.3373
12/07/2013	0.32652	17.6	1.6098
13/07/2013	0	17.6	1.4451
14/07/2013	0.32652	17.6	1.3056
15/07/2013	0	17.6	1.2422
16/07/2013	0	17.6	1.2422
17/07/2013	13.27848	17.6	1.4514
18/07/2013	0.32652	17.6	1.4831
19/07/2013	2.721	17.6	1.4514
20/07/2013	0	17.6	1.4451
21/07/2013	18.82932	17.6	1.4704
22/07/2013	2.1768	17.6	2.0979
23/07/2013	0	17.6	1.5465
24/07/2013	0	17.6	1.4514
25/07/2013	0.87072	17.6	1.4514
26/07/2013	6.31272	17.6	1.4514
27/07/2013	10.77516	17.6	1.5465
28/07/2013	9.90444	17.6	1.6098
29/07/2013	0.32652	17.6	1.6225
30/07/2013	0.32652	17.6	1.4577
31/07/2013	0.32652	17.6	1.4197
01/08/2013	0.87072	17.6	1.388
02/08/2013	1.0884	17.6	1.3627
03/08/2013	3.04752	17.6	1.369
04/08/2013	0.87072	17.6	1.3817
05/08/2013	1.95912	17.6	1.3627
06/08/2013	0.32652	17.6	1.331
07/08/2013	0	17.6	1.2549
08/08/2013	0	17.6	1.2613
09/08/2013	0.32652	17.6	1.2549
10/08/2013	0.32652	17.6	1.2613
11/08/2013	0	17.6	1.2676
12/08/2013	5.76852	17.6	1.4704
13/08/2013	1.41492	17.6	1.5528
14/08/2013	0.32652	17.6	1.4894
15/08/2013	0.32652	17.6	1.3627
16/08/2013	0	17.6	1.2993
17/08/2013	5.00664	17.6	1.312
18/08/2013	1.0884	17.6	1.3627
19/08/2013	0.32652	17.6	1.3436
20/08/2013	0.32652	17.6	1.2993
21/08/2013	0.32652	17.6	1.2613
22/08/2013	8.05416	17.6	1.876
23/08/2013	25.68624	17.6	4.1894
24/08/2013	5.55084	17.6	2.7063
25/08/2013	0.5442	17.6	1.9584
26/08/2013	0.32652	17.6	1.6732
27/08/2013	6.85692	17.6	1.6479
28/08/2013	0.32652	17.6	1.6035
29/08/2013	0	17.6	1.4514
30/08/2013	0	17.6	1.3817
31/08/2013	14.1492	17.6	1.5718
01/09/2013	10.23096	17.6	1.6732
02/09/2013	14.36688	17.6	2.9662
03/09/2013	0.32652	17.6	2.4338
04/09/2013	0	17.6	1.7746
05/09/2013	0.87072	17.6	1.5908
06/09/2013	4.13592	17.6	1.7112
07/09/2013	8.05416	17.6	1.9711
08/09/2013	2.50332	17.6	2.1232
09/09/2013	11.64588	17.6	1.8
10/09/2013	10.77516	17.6	1.9965
11/09/2013	5.22432	17.6	2.4274
12/09/2013	17.9586	17.6	2.0535
13/09/2013	7.50996	17.6	2.0218
14/09/2013	0	17.6	2.4274
15/09/2013	0	17.6	1.8887
16/09/2013	26.77464	17.6	2.9218
17/09/2013	0.32652	17.6	2.4972
18/09/2013	53.11392	17.6	4.2021
19/09/2013	0	17.6	4.7788
20/09/2013	0	17.6	2.6619
21/09/2013	14.91108	17.6	2.1993
22/09/2013	17.4144	17.6	3.6507
23/09/2013	0	17.6	2.3134
24/09/2013	0	17.6	1.9901
25/09/2013	6.31272	17.6	1.8634
26/09/2013	9.14256	17.6	2.5669
27/09/2013	0.32652	17.6	1.9141
28/09/2013	9.90444	17.6	1.8127
29/09/2013	3.59172	17.6	1.8063
30/09/2013	22.09452	17.6	3.3908
01/10/2013	0.87072	17.6	2.5415
02/10/2013	21.33264	17.6	3.5873
03/10/2013	0	17.6	3.9042
04/10/2013	4.68012	17.6	2.5098
05/10/2013	0.5442	17.6	2.4845
06/10/2013	2.721	17.6	2.6303
07/10/2013	2.721	17.6	2.2563
08/10/2013	0	17.6	2.0852
09/10/2013	0.32652	17.6	1.876
10/10/2013	0.32652	17.6	1.781
11/10/2013	0	17.6	1.7366
12/10/2013	0.32652	17.6	1.6859
13/10/2013	0.32652	17.6	1.6289
14/10/2013	0.32652	17.6	1.5655
15/10/2013	10.23096	17.6	2.9028
16/10/2013	2.1768	17.6	2.4465
17/10/2013	0.87072	17.6	1.9648
18/10/2013	1.41492	17.6	3.5429
19/10/2013	27.10116	17.6	3.2007
20/10/2013	22.42104	17.6	5.1274
21/10/2013	5.55084	17.6	5.3049
22/10/2013	6.63924	17.6	3.3211
23/10/2013	3.2652	17.6	2.7824
24/10/2013	2.721	17.6	2.6683
25/10/2013	14.91108	17.6	3.3591
26/10/2013	19.5912	17.6	5.926
27/10/2013	1.41492	17.6	4.5507
28/10/2013	1.0884	17.6	3.6824
29/10/2013	1.95912	17.6	2.8774
30/10/2013	0.32652	17.6	2.3831
31/10/2013	0.32652	17.6	2.1296
01/11/2013	23.50944	17.6	2.8901
02/11/2013	0.32652	17.6	2.326
03/11/2013	0	17.6	2.0472
04/11/2013	0.5442	17.6	1.9458
05/11/2013	2.50332	17.6	1.8317
06/11/2013	1.6326	17.6	1.8253
07/11/2013	0.87072	17.6	1.8443
08/11/2013	6.31272	17.6	1.9458
09/11/2013	22.63872	17.6	5.0767
10/11/2013	0.5442	17.6	6.0147
11/11/2013	0	17.6	2.9915
12/11/2013	4.13592	17.6	2.3957
13/11/2013	0	17.6	2.1296
14/11/2013	4.68012	17.6	1.9774
15/11/2013	0	17.6	1.8634
16/11/2013	1.0884	17.6	1.7873
17/11/2013	0	17.6	1.7303
18/11/2013	0.32652	17.6	1.6986
19/11/2013	0	17.6	1.6605
20/11/2013	0	17.6	1.6162
21/11/2013	0	17.6	1.5591
22/11/2013	0	17.6	1.5401
23/11/2013	0.32652	17.6	1.4831
24/11/2013	0.5442	17.6	1.4704
25/11/2013	0	17.6	1.4514
26/11/2013	0	17.6	1.4324
27/11/2013	1.41492	17.6	1.4134
28/11/2013	35.69952	17.6	4.145
29/11/2013	5.22432	17.6	2.1612
30/11/2013	1.6326	17.6	1.8443
01/12/2013	3.2652	17.6	1.7493
02/12/2013	0	17.6	1.6289
03/12/2013	0	17.6	1.5782
04/12/2013	0.32652	17.6	1.5274
05/12/2013	0	17.6	1.6102
06/12/2013	0	17.6	1.5896
07/12/2013	0.32652	17.6	1.5759
08/12/2013	0.5442	17.6	1.5554
09/12/2013	0.32652	17.6	1.5143
10/12/2013	0	17.6	1.5006
11/12/2013	0.32652	17.6	1.4731
12/12/2013	3.04752	17.6	1.4663
13/12/2013	0.5442	17.6	1.4869
14/12/2013	0	17.6	1.4663
15/12/2013	4.46244	17.6	1.5143
16/12/2013	0.87072	17.6	1.9802
17/12/2013	0.87072	17.6	1.4594
18/12/2013	0.87072	17.6	1.432
19/12/2013	1.0884	17.6	1.4389
20/12/2013	0.32652	17.6	1.3978
21/12/2013	0	17.6	1.3567
22/12/2013	0	17.6	1.3567
23/12/2013	0.32652	17.6	1.3224
24/12/2013	0	17.6	1.3087
25/12/2013	0	17.6	1.3224
26/12/2013	0	17.6	1.2813
27/12/2013	0.32652	17.6	1.2744
28/12/2013	0	17.6	1.2676
29/12/2013	0	17.6	1.3087
30/12/2013	0.32652	17.6	1.2607
31/12/2013	0	17.6	1.247
01/01/2014	0.5442	17.6	1.2813
02/01/2014	0.32652	17.6	1.2607
03/01/2014	0	17.6	1.2607
04/01/2014	0.32652	17.6	1.247
05/01/2014	0	17.6	1.2813
06/01/2014	0.32652	17.6	1.2539
07/01/2014	0	17.6	1.247
08/01/2014	0.32652	17.6	1.2196
09/01/2014	7.18344	17.6	1.247
10/01/2014	1.95912	17.6	1.3293
11/01/2014	0.32652	17.6	1.2333
12/01/2014	1.0884	17.6	1.2813
13/01/2014	0.32652	17.6	1.2676
14/01/2014	0	17.6	1.2402
15/01/2014	0	17.6	1.1991
16/01/2014	1.6326	17.6	1.1854
17/01/2014	0.87072	17.6	1.2881
18/01/2014	0	17.6	1.2333
19/01/2014	1.41492	17.6	1.247
20/01/2014	0.87072	17.6	1.2744
21/01/2014	0.32652	17.6	1.2265
22/01/2014	0.87072	17.6	1.2059
23/01/2014	0.87072	17.6	1.2539
24/01/2014	0.32652	17.6	1.2128
25/01/2014	0	17.6	1.2059
26/01/2014	0.32652	17.6	1.2333
27/01/2014	0	17.6	1.1717
28/01/2014	0.32652	17.6	1.1922
29/01/2014	0	17.6	1.1785
30/01/2014	0	17.6	1.1922
31/01/2014	0	17.6	1.1991
01/02/2014	0	17.6	1.1717
02/02/2014	0.3	17.6	1.2059
03/02/2014	0	17.6	1.1511
04/02/2014	0	17.6	1.1374
05/02/2014	0	17.6	1.1374
06/02/2014	0	17.6	1.1374
07/02/2014	0	17.6	1.1169
08/02/2014	0.5	17.6	1.1443
09/02/2014	0.8	17.6	1.2196
10/02/2014	1.8	17.6	1.1854
11/02/2014	0	17.6	1.1511
12/02/2014	0	17.6	1.1374
13/02/2014	0	17.6	1.1031
14/02/2014	0	17.6	1.0894
15/02/2014	0	17.6	1.11
16/02/2014	0	17.6	1.1237
17/02/2014	0	17.6	1.0552
18/02/2014	0	17.6	1.0552
19/02/2014	0	17.6	1.0757
20/02/2014	0	17.6	1.0689
21/02/2014	0	17.6	1.0552
22/02/2014	0	17.6	1.0826
23/02/2014	0	17.6	1.1306
24/02/2014	0	17.6	1.0483
25/02/2014	0.8	17.6	1.0552
26/02/2014	0	17.6	1.0483
27/02/2014	0	17.6	1.0552
28/02/2014	0.3	17.6	1.0483
01/03/2014	0	17.6	1.0689
02/03/2014	0	17.6	1.0826
03/03/2014	0	17.6	1.0278
04/03/2014	0	17.6	1.0483
05/03/2014	0	17.6	1.0346
06/03/2014	0	17.6	1.0552
07/03/2014	0	17.6	1.0278
08/03/2014	0	17.6	1.0483
09/03/2014	0	17.6	1.0894
10/03/2014	0	17.6	1.0346
11/03/2014	0	17.6	2.0007
12/03/2014	0	17.6	1.0209
13/03/2014	0	17.6	1.0278
14/03/2014	0	17.6	1.0141
15/03/2014	0	17.6	1.0141
16/03/2014	0	17.6	1.0346
17/03/2014	0	17.6	1.0141
18/03/2014	0	17.6	1.0278
19/03/2014	0	17.6	1.0072
20/03/2014	0	17.6	1.0278
21/03/2014	0	17.6	1.0004
22/03/2014	0	17.6	1.1922
23/03/2014	0	17.6	1.1306
24/03/2014	0	17.6	1.0346
25/03/2014	0	17.6	1.0415
26/03/2014	0	17.6	0.9798
27/03/2014	0	17.6	1.0278
28/03/2014	0	17.6	0.9867
29/03/2014	0	17.6	1.0209
30/03/2014	0	17.6	1.0963
31/03/2014	0	17.6	1.0004
01/04/2014	0	17.6	1.0004
02/04/2014	0	17.6	0.9867
03/04/2014	0	17.6	0.9935
04/04/2014	0	17.6	0.9935
05/04/2014	0	17.6	1.0415
06/04/2014	0	17.6	1.11
07/04/2014	0	17.6	1.0004
08/04/2014	0	17.6	0.9935
09/04/2014	1.3	17.6	0.9867
10/04/2014	18.5	17.6	1.48
11/04/2014	2	17.6	1.0552
12/04/2014	0	17.6	1.1922
13/04/2014	0	17.6	1.1854
14/04/2014	0.5	17.6	1.0826
15/04/2014	1.5	17.6	1.1443
16/04/2014	0	17.6	1.158
17/04/2014	0	17.6	1.158
18/04/2014	0	17.6	1.1991
19/04/2014	0.5	17.6	1.1237
20/04/2014	0.8	17.6	1.2265
21/04/2014	0.5	17.6	1.1443
22/04/2014	0.3	17.6	1.2128
23/04/2014	0	17.6	1.1854
24/04/2014	0	17.6	1.1443
25/04/2014	0	17.6	1.1237
26/04/2014	2	17.6	1.1991
27/04/2014	0	17.6	1.3019
28/04/2014	0	17.6	1.2402
29/04/2014	0.8	17.6	1.3704
30/04/2014	0	17.6	1.3293
01/05/2014	0	17.6	1.2813
02/05/2014	0	17.6	1.247
03/05/2014	0	17.6	1.3156
04/05/2014	0	17.6	1.3498
05/05/2014	0	17.6	1.247
06/05/2014	1	17.6	1.2881
07/05/2014	14.5	17.6	1.4869
08/05/2014	2	17.6	1.8569
09/05/2014	0.3	17.6	1.6376
10/05/2014	34.3	17.6	2.2817
11/05/2014	2.8	17.6	2.4461
12/05/2014	0.3	17.6	1.3841
13/05/2014	0	17.6	1.2881
14/05/2014	0	17.6	1.2265
15/05/2014	0	17.6	1.2059
16/05/2014	0	17.6	1.1922
17/05/2014	1	17.6	1.2333
18/05/2014	0	17.6	1.2265
19/05/2014	0	17.6	1.1237
20/05/2014	0	17.6	1.0894
21/05/2014	0	17.6	1.1031
22/05/2014	0	17.6	1.0894
23/05/2014	0.3	17.6	1.1169
24/05/2014	0	17.6	1.1443
25/05/2014	2.3	17.6	1.1922
26/05/2014	1.5	17.6	1.2813
27/05/2014	0	17.6	1.1717
28/05/2014	0	17.6	1.1306
29/05/2014	1	17.6	1.1648
30/05/2014	12.4	17.6	3.1381
31/05/2014	35.8	17.6	2.59
01/06/2014	1.5	17.6	2.6722
02/06/2014	0	17.6	1.6993
03/06/2014	5.3	17.6	1.6033
04/06/2014	48.8	17.6	2.9394
05/06/2014	22.1	17.6	4.1796
06/06/2014	21.8	17.6	2.9394
07/06/2014	0.5	17.6	2.8093
08/06/2014	0.8	17.6	1.9939
09/06/2014	1.8	17.6	1.85
10/06/2014	0.3	17.6	1.7541
11/06/2014	0	17.6	1.6719
12/06/2014	0	17.6	1.617
13/06/2014	1	17.6	1.6307
14/06/2014	0.3	17.6	1.6307
15/06/2014	7.1	17.6	1.665
16/06/2014	0.5	17.6	1.617
17/06/2014	6.3	17.6	1.665
18/06/2014	0.3	17.6	1.6513
19/06/2014	13.7	17.6	1.7198
20/06/2014	0.5	17.6	1.7061
21/06/2014	0.8	17.6	1.5691
22/06/2014	1.3	17.6	1.5417
23/06/2014	11.9	17.6	1.8157
24/06/2014	8.1	17.6	1.9596
25/06/2014	6.9	17.6	1.8226
26/06/2014	6.9	17.6	1.9733
27/06/2014	1.3	17.6	1.528
28/06/2014	0	17.6	1.4731
29/06/2014	0	17.6	1.4183
30/06/2014	5.3	17.6	1.432
01/07/2014	0.5	17.6	1.4252
02/07/2014	3.6	17.6	1.4115
03/07/2014	1.3	17.6	1.4046
04/07/2014	1.8	17.6	1.3772
05/07/2014	0	17.6	1.343
06/07/2014	1.5	17.6	1.3567
07/07/2014	0	17.6	1.3224
08/07/2014	3.8	17.6	1.3156
09/07/2014	6.1	17.6	1.3635
10/07/2014	7.9	17.6	1.4526
11/07/2014	4.6	17.6	1.3635
12/07/2014	8.1	17.6	1.4663
13/07/2014	5.3	17.6	1.2676
14/07/2014	1.3	17.6	1.2539
15/07/2014	0.5	17.6	1.1991
16/07/2014	0.3	17.6	1.1785
17/07/2014	8.1	17.6	1.2881
18/07/2014	0.3	17.6	1.2265
19/07/2014	2.3	17.6	1.1717
20/07/2014	0	17.6	1.1511
21/07/2014	1.3	17.6	1.1169
22/07/2014	0.3	17.6	1.1169
23/07/2014	3.3	17.6	1.1031
24/07/2014	2	17.6	1.1237
25/07/2014	0	17.6	1.1031
26/07/2014	0	17.6	1.0894
27/07/2014	7.1	17.6	1.1443
28/07/2014	0.8	17.6	1.2539
29/07/2014	0.3	17.6	1.5759
30/07/2014	7.4	17.6	1.5006
31/07/2014	0.5	17.6	1.4252
01/08/2014	0.5	17.6	1.3909
02/08/2014	3.8	17.6	1.4663
03/08/2014	1.3	17.6	1.432
04/08/2014	6.9	17.6	1.4869
05/08/2014	0	17.6	1.5485
06/08/2014	0.3	17.6	1.3704
07/08/2014	0	17.6	1.3293
08/08/2014	15.5	17.6	1.5554
09/08/2014	0.3	17.6	1.4663
10/08/2014	0	17.6	1.3635
11/08/2014	2.8	17.6	1.3087
12/08/2014	0.3	17.6	1.3635
13/08/2014	0.5	17.6	1.295
14/08/2014	0	17.6	1.247
15/08/2014	2.3	17.6	1.3224
16/08/2014	0	17.6	1.295
17/08/2014	6.3	17.6	1.3498
18/08/2014	6.6	17.6	1.5074
19/08/2014	8.1	17.6	1.5417
20/08/2014	16.3	17.6	1.7883
21/08/2014	0.3	17.6	1.6581
22/08/2014	0	17.6	1.4183
23/08/2014	5.6	17.6	1.5211
24/08/2014	0.3	17.6	1.5691
25/08/2014	0	17.6	1.3635
26/08/2014	0	17.6	1.2676
27/08/2014	41.9	17.6	2.1652
28/08/2014	30	17.6	2.0007
29/08/2014	11.2	17.6	4.8511
30/08/2014	2	17.6	4.6798
31/08/2014	0.3	17.6	4.1933
01/09/2014	2.3	17.6	4.0837
02/09/2014	9.1	17.6	4.6867
03/09/2014	23.9	17.6	6.5915
04/09/2014	0.3	17.6	5.6254
05/09/2014	8.4	17.6	5.2211
06/09/2014	8.1	17.6	5.18
07/09/2014	0.3	17.6	4.9607
08/09/2014	0.3	17.6	4.81
09/09/2014	0	17.6	4.7278
10/09/2014	9.7	17.6	4.8306
11/09/2014	66	17.6	7.1533
12/09/2014	2	17.6	6.5572
13/09/2014	1	17.6	5.4404
14/09/2014	5.8	17.6	5.2006
15/09/2014	1.8	17.6	4.9265
16/09/2014	1	17.6	4.7278
17/09/2014	25.7	17.6	5.5089
18/09/2014	16	17.6	5.9268
19/09/2014	3.3	17.6	5.7418
20/09/2014	2.8	17.6	5.2074
21/09/2014	8.6	17.6	5.1868
22/09/2014	0.3	17.6	4.9881
23/09/2014	46.5	17.6	9.9352
24/09/2014	1.5	17.6	10.1065
25/09/2014	27.4	17.6	9.2089
26/09/2014	39.1	17.6	10.2778
27/09/2014	0.5	17.6	9.0513
28/09/2014	24.9	17.6	9.5652
29/09/2014	22.9	17.6	9.6817
30/09/2014	0.3	17.6	8.7978
01/10/2014	0.3	17.6	7.8043
02/10/2014	2.3	17.6	7.4685
03/10/2014	9.7	17.6	7.4754
04/10/2014	0	17.6	7.1807
05/10/2014	0.3	17.6	7.0368
06/10/2014	0.8	17.6	6.9341
07/10/2014	57.7	17.6	9.3391
08/10/2014	8.1	17.6	9.5172
09/10/2014	0	17.6	8.1811
10/10/2014	37.8	17.6	9.0444
11/10/2014	7.9	17.6	8.8183
12/10/2014	9.4	17.6	9.113
13/10/2014	12.2	17.6	9.6131
14/10/2014	17.8	17.6	9.7776
15/10/2014	1.3	17.6	8.7018
16/10/2014	6.9	17.6	8.1811
17/10/2014	6.6	17.6	8.0509
18/10/2014	15.2	17.6	8.3113
19/10/2014	29.5	17.6	8.8115
20/10/2014	23.4	17.6	9.4967
21/10/2014	0.8	17.6	8.5443
22/10/2014	0	17.6	7.8248
23/10/2014	3.6	17.6	7.9755
24/10/2014	0.3	17.6	7.5918
25/10/2014	4.8	17.6	7.4754
26/10/2014	8.1	17.6	8.2976
27/10/2014	0	17.6	7.2904
28/10/2014	0	17.6	7.1533
29/10/2014	0	17.6	7.0917
30/10/2014	0.5	17.6	7.0231
31/10/2014	5.1	17.6	6.982
01/11/2014	6.9	17.6	7.0711
02/11/2014	2.3	17.6	7.0231
03/11/2014	7.4	17.6	4.2139
04/11/2014	1.8	17.6	4.1728
05/11/2014	0	17.6	3.9080
06/11/2014	2.3	17.6	3.7451
07/11/2014	0.8	17.6	3.5361
08/11/2014	0.3	17.6	3.3200
09/11/2014	0.3	17.6	3.1152
10/11/2014	0.3	17.6	2.9213
11/11/2014	0	17.6	2.7267
12/11/2014	0	17.6	2.5425
13/11/2014	0	17.6	2.3680
14/11/2014	0.5	17.6	2.2204
15/11/2014	0.3	17.6	2.0735
16/11/2014	0.8	17.6	1.8294
17/11/2014	0.3	17.6	1.8294
18/11/2014	0	17.6	1.8294
19/11/2014	0	17.6	1.8294
20/11/2014	0	17.6	1.8294
21/11/2014	0.8	17.6	1.8294
22/11/2014	0	17.6	1.8294
23/11/2014	0	17.6	1.8294
24/11/2014	0	17.6	1.8294
25/11/2014	7.4	17.6	1.8294
26/11/2014	3.3	17.6	1.8294
27/11/2014	15.5	17.6	1.8294
28/11/2014	6.9	17.6	1.9665
29/11/2014	0.3	17.6	1.8911
30/11/2014	0.3	17.6	1.85
01/12/2014	0	17.6	1.8089
02/12/2014	1.3	17.6	1.802
03/12/2014	1.3	17.6	1.8569
04/12/2014	4.1	17.6	1.9254
05/12/2014	3	17.6	1.9528
06/12/2014	3.6	17.6	1.9254
07/12/2014	1.8	17.6	1.9185
08/12/2014	1.3	17.6	1.8843
09/12/2014	0.5	17.6	1.8706
10/12/2014	0.3	17.6	1.8569
11/12/2014	0.8	17.6	1.8363
12/12/2014	7.4	17.6	1.987
13/12/2014	18.3	17.6	2.2268
14/12/2014	6.3	17.6	2.7202
15/12/2014	0	17.6	2.1378
16/12/2014	1.8	17.6	2.0281
17/12/2014	4.1	17.6	2.0761
18/12/2014	1.3	17.6	2.0213
19/12/2014	0	17.6	1.9459
20/12/2014	0	17.6	1.898
21/12/2014	0	17.6	1.8706
22/12/2014	0	17.6	1.8363
23/12/2014	0.3	17.6	1.8157
24/12/2014	0	17.6	1.7952
25/12/2014	0.3	17.6	1.802
26/12/2014	0.3	17.6	1.7883
27/12/2014	1	17.6	1.7883
28/12/2014	0	17.6	1.7883
29/12/2014	0	17.6	1.7267
30/12/2014	14	17.6	1.8363
31/12/2014	3.8	17.6	1.9048
01/01/2015	9.4	17.6	1.9939
02/01/2015	6.3	17.6	1.9117
03/01/2015	0.5	17.6	1.9596
04/01/2015	4.8	17.6	1.8706
05/01/2015	11.7	17.6	1.9185
06/01/2015	14	17.6	2.3981
07/01/2015	7.1	17.6	2.1857
08/01/2015	4.6	17.6	2.1446
09/01/2015	0	17.6	2.0281
10/01/2015	1	17.6	1.987
11/01/2015	0.8	17.6	1.9733
12/01/2015	0	17.6	1.9048
13/01/2015	0.5	17.6	1.8911
14/01/2015	0	17.6	1.8774
15/01/2015	0	17.6	1.8363
16/01/2015	0.5	17.6	1.8157
17/01/2015	0.3	17.6	1.8431
18/01/2015	1.3	17.6	1.8774
19/01/2015	3	17.6	1.8843
20/01/2015	3.6	17.6	1.9391
21/01/2015	0	17.6	1.8431
22/01/2015	0	17.6	1.8294
23/01/2015	0	17.6	1.8089
24/01/2015	0	17.6	1.8157
25/01/2015	0	17.6	1.8226
26/01/2015	0.8	17.6	1.7472
27/01/2015	2	17.6	1.7541
28/01/2015	7.1	17.6	1.8706
29/01/2015	2.8	17.6	1.898
30/01/2015	0.3	17.6	1.8431
31/01/2015	0	17.6	1.7746
01/02/2015	0	17.6	1.9939
02/02/2015	0	17.6	1.6993
03/02/2015	1	17.6	1.7335
04/02/2015	0.3	17.6	1.7404